p td 1605 2607
1 1405
1 202
1 1240
1 1249
1405 205
1405 232
1405 235
2 1406
2 1129
2 1132
2 1174
1406 1075
1406 1360
1406 1381
3 1407
3 703
3 1219
3 1270
1407 397
1407 1012
1407 1330
4 1408
4 670
4 940
4 1087
1408 478
1408 643
1408 673
5 1409
5 775
5 1243
5 1246
1409 736
1409 778
1409 1348
6 1410
6 490
6 493
6 715
1410 481
1410 502
1410 718
7 1411
7 934
7 994
7 1105
1411 829
1411 1282
1411 1366
8 1412
8 577
8 1090
8 1222
1412 607
1412 1063
1412 1186
9 1413
9 361
9 367
9 1042
1413 370
1413 469
1413 475
10 1414
10 265
10 268
10 448
1414 271
1414 274
1414 1306
11 1415
11 877
11 1213
11 1351
1415 985
1415 1210
1415 1216
12 1416
12 856
12 1043
12 1081
1416 568
1416 724
1416 787
13 1417
13 523
13 634
13 1060
1417 637
1417 1195
1417 1201
14 1418
14 286
14 292
14 304
1418 334
1418 358
1418 499
15 1419
15 922
15 1196
15 1261
1419 514
1419 524
1419 1000
16 1420
16 415
16 1153
16 1342
1420 649
1420 1057
1420 1291
17 1421
17 772
17 1015
17 1387
1421 754
1421 757
1421 1399
18 1422
18 484
18 487
18 664
1422 482
1422 503
1422 550
19 1423
19 814
19 817
19 820
1423 823
1423 898
1423 1051
20 1424
20 406
20 409
20 982
1424 412
1424 928
1424 1021
21 1425
21 1264
21 1336
21 1343
1425 1018
1425 1036
1425 1237
22 1426
22 857
22 1030
22 1120
1426 658
1426 1168
1426 1238
23 1427
23 430
23 433
23 505
1427 760
1427 1009
1427 1108
24 1428
24 535
24 895
24 913
1428 538
1428 748
1428 751
25 1429
25 457
25 904
25 1114
1429 460
1429 958
1429 1058
26 1430
26 622
26 625
26 784
1430 697
1430 1197
1430 1327
27 1431
27 544
27 601
27 725
1431 547
1431 925
1431 949
28 1432
28 691
28 955
28 959
1432 1231
1432 1258
1432 1363
29 1433
29 661
29 665
29 667
1433 449
1433 454
1433 461
30 1434
30 548
30 805
30 808
1434 811
1434 841
1434 1066
31 1435
31 668
31 821
31 824
1435 671
1435 674
1435 1102
32 1436
32 1024
32 1211
32 1321
1436 991
1436 995
1436 1031
33 1437
33 289
33 650
33 1169
1437 293
1437 301
1437 1378
34 1438
34 830
34 907
34 1183
1438 859
1438 862
1438 910
35 1439
35 394
35 652
35 766
1439 655
1439 769
1439 973
36 1440
36 950
36 1217
36 1318
1440 926
1440 988
1440 1138
37 1441
37 331
37 883
37 961
1441 335
1441 340
1441 343
38 1442
38 709
38 992
38 1312
1442 676
1442 781
1442 1109
39 1443
39 727
39 730
39 986
1443 698
1443 1126
1443 1171
40 1444
40 463
40 1082
40 1084
1444 685
1444 1135
1444 1139
41 1445
41 553
41 610
41 616
1445 556
1445 1064
1445 1184
42 1446
42 464
42 1037
42 1039
1446 1159
1446 1247
1446 1319
43 1447
43 316
43 322
43 328
1447 332
1447 352
1447 355
44 1448
44 520
44 595
44 1372
1448 368
1448 1141
1448 1156
45 1449
45 993
45 996
45 1294
1449 884
1449 886
1449 964
46 1450
46 583
46 589
46 653
1450 391
1450 569
1450 571
47 1451
47 1044
47 1189
47 1234
1451 1324
1451 1361
1451 1390
48 1452
48 688
48 919
48 1255
1452 586
1452 590
1452 679
49 1453
49 604
49 1013
49 1019
1453 551
1453 574
1453 806
50 1454
50 421
50 424
50 987
1454 773
1454 788
1454 799
51 1455
51 1218
51 1259
51 1333
1455 559
1455 908
1455 911
52 1456
52 515
52 937
52 1001
1456 847
1456 1003
1456 1096
53 1457
53 526
53 529
53 1099
1457 532
1457 1262
1457 1384
54 1458
54 295
54 889
54 1198
1458 298
1458 962
1458 1352
55 1459
55 337
55 346
55 349
1459 1027
1459 1111
1459 1177
56 1460
56 307
56 356
56 1004
1460 310
1460 359
1460 536
57 1461
57 206
57 220
57 1207
1461 233
1461 236
1461 1006
58 1462
58 382
58 385
58 605
1462 466
1462 592
1462 598
59 1463
59 1315
59 1337
59 1396
1463 1072
1463 1313
1463 1391
60 1464
60 379
60 386
60 892
1464 388
1464 704
1464 1382
61 1465
61 1316
61 1367
61 1392
1465 1225
1465 1285
1465 1300
62 1466
62 380
62 1178
62 1334
1466 383
1466 952
1466 1016
63 1467
63 207
63 1208
63 1354
1467 211
1467 223
1467 226
64 1468
64 398
64 400
64 1165
1468 403
1468 1069
1468 1106
65 1469
65 451
65 455
65 1190
1469 458
1469 462
1469 575
66 1470
66 530
66 554
66 557
1470 682
1470 1150
1470 1172
67 1471
67 850
67 853
67 1256
1471 416
1471 418
1471 578
68 1472
68 467
68 560
68 863
1472 562
1472 1045
1472 1048
69 1473
69 790
69 793
69 1339
1473 563
1473 631
1473 802
70 1474
70 208
70 1147
70 1192
1474 214
1474 217
1474 1117
71 1475
71 434
71 485
71 488
1475 1144
1475 1252
1475 1397
72 1476
72 646
72 953
72 1288
1476 1070
1476 1180
1476 1393
73 1477
73 209
73 218
73 844
1477 221
1477 229
1477 584
74 1478
74 344
74 742
74 831
1478 350
1478 1193
1478 1345
75 1479
75 791
75 960
75 1091
1479 794
1479 796
1479 1179
76 1480
76 436
76 479
76 565
1480 410
1480 442
1480 539
77 1481
77 916
77 941
77 979
1481 721
1481 885
1481 887
78 1482
78 1123
78 1265
78 1364
1482 662
1482 666
1482 675
79 1483
79 247
79 776
79 779
1483 250
1483 491
1483 504
80 1484
80 628
80 1054
80 1093
1484 611
1484 613
1484 927
81 1485
81 580
81 1145
81 1151
1485 445
1485 743
1485 1185
82 1486
82 338
82 967
82 1220
1486 341
1486 345
1486 733
83 1487
83 262
83 275
83 277
1487 305
1487 311
1487 325
84 1488
84 1130
84 1133
84 1325
1488 427
1488 431
1488 435
85 1489
85 1276
85 1279
85 1340
85 1349
1489 439
1489 443
1489 905
86 1490
86 253
86 1005
86 1078
1490 256
1490 896
1490 1088
87 1491
87 541
87 797
87 1065
1491 680
1491 1142
1491 1297
88 1492
88 752
88 923
88 1402
1492 832
1492 1040
1492 1052
89 1493
89 632
89 635
89 871
1493 868
1493 1226
1493 1267
90 1494
90 745
90 749
90 1146
1494 753
1494 1010
1494 1079
91 1495
91 795
91 974
91 1338
1495 428
1495 647
1495 798
92 1496
92 212
92 215
92 1204
1496 219
1496 619
1496 626
93 1497
93 1181
93 1253
93 1328
1497 726
1497 1094
1497 1400
94 1498
94 1097
94 1110
94 1127
1498 593
1498 812
1498 1140
95 1499
95 422
95 425
95 602
1499 527
1499 533
1499 1007
96 1500
96 976
96 1298
96 1301
1500 1263
1500 1283
1500 1322
97 1501
97 280
97 299
97 1350
1501 306
1501 620
1501 640
98 1502
98 272
98 506
98 579
1502 276
1502 1083
1502 1085
99 1503
99 848
99 874
99 1103
1503 929
1503 1011
1503 1199
100 1504
100 333
100 336
100 342
1504 353
1504 357
1504 360
101 1505
101 283
101 326
101 858
1505 287
1505 290
1505 329
102 1506
102 594
102 606
102 968
1506 875
1506 1022
1506 1136
103 1507
103 566
103 706
103 710
1507 525
1507 1292
1507 1355
104 1508
104 681
104 707
104 782
1508 1041
1508 1061
1508 1076
105 1509
105 446
105 880
105 920
1509 970
1509 1100
1509 1286
106 1510
106 1235
106 1293
106 1375
1510 1028
1510 1202
1510 1376
107 1511
107 1268
107 1273
107 1379
1511 555
1511 558
1511 581
108 1512
108 734
108 739
108 1175
1512 395
1512 401
1512 404
109 1513
109 596
109 954
109 1357
1513 407
1513 411
1513 413
110 1514
110 203
110 210
110 257
1514 278
1514 362
1514 364
111 1515
111 683
111 983
111 1170
1515 705
1515 826
1515 1187
112 1516
112 254
112 258
112 1131
1516 259
1516 1067
1516 1134
113 1517
113 266
113 269
113 273
1517 279
1517 1062
1517 1118
114 1518
114 1059
114 1124
114 1182
1518 659
1518 686
1518 888
115 1519
115 288
115 528
115 758
1519 291
1519 770
1519 872
116 1520
116 234
116 763
116 1236
1520 465
1520 767
1520 938
117 1521
117 204
117 237
117 656
1521 238
1521 260
1521 901
118 1522
118 1077
118 1148
118 1284
1522 827
1522 1008
1522 1221
119 1523
119 835
119 838
119 1176
1523 694
1523 930
1523 969
120 1524
120 492
120 716
120 764
1524 494
1524 496
1524 500
121 1525
121 241
121 248
121 251
1525 255
1525 261
1525 1271
122 1526
122 486
122 712
122 719
1526 489
1526 975
1526 1269
123 1527
123 224
123 423
123 842
1527 227
1527 426
1527 845
124 1528
124 319
124 1295
124 1398
1528 323
1528 785
1528 899
125 1529
125 1205
125 1223
125 1385
1529 417
1529 419
1529 1128
126 1530
126 373
126 878
126 935
1530 376
1530 890
1530 893
127 1531
127 621
127 623
127 1053
1531 537
1531 540
1531 627
128 1532
128 713
128 720
128 722
1532 472
1532 599
1532 624
129 1533
129 585
129 587
129 1101
1533 591
1533 997
1533 1073
130 1534
130 480
130 917
130 1173
1534 914
1534 1115
1534 1368
131 1535
131 943
131 1257
131 1266
1535 576
1535 946
1535 1401
132 1536
132 281
132 728
132 1394
1536 284
1536 699
1536 833
133 1537
133 267
133 452
133 1241
1537 270
1537 567
1537 786
134 1538
134 450
134 453
134 459
1538 677
1538 879
1538 1089
135 1539
135 660
135 1055
135 1071
1539 1157
1539 1314
1539 1344
136 1540
136 1020
136 1125
136 1166
1540 531
1540 534
1540 761
137 1541
137 765
137 768
137 771
1541 944
1541 947
1541 1119
138 1542
138 1095
138 1154
138 1160
1542 965
1542 1029
1542 1369
139 1543
139 470
139 473
139 1403
1543 476
1543 1289
1543 1346
140 1544
140 365
140 369
140 371
1544 374
1544 377
1544 689
141 1545
141 774
141 1194
141 1227
1545 777
1545 780
1545 1356
142 1546
142 308
142 317
142 320
1546 327
1546 330
1546 389
143 1547
143 517
143 735
143 1038
1547 521
1547 737
1547 740
144 1548
144 225
144 497
144 501
1548 230
1548 608
1548 1162
145 1549
145 516
145 902
145 1137
1549 980
1549 1121
1549 1191
146 1550
146 239
146 244
146 444
1550 249
1550 252
1550 542
147 1551
147 744
147 891
147 894
1551 588
1551 651
1551 1152
148 1552
148 633
148 977
148 1163
1552 636
1552 638
1552 1155
149 1553
149 612
149 648
149 897
1553 614
1553 617
1553 700
150 1554
150 692
150 714
150 1347
1554 717
1554 723
1554 828
151 1555
151 609
151 843
151 846
1555 865
1555 869
1555 1228
152 1556
152 468
152 807
152 1112
1556 1260
1556 1277
1556 1280
153 1557
153 240
153 684
153 1158
1557 242
1557 245
1557 906
154 1558
154 263
154 282
154 285
1558 372
1558 375
1558 378
155 1559
155 1161
155 1203
155 1254
1559 641
1559 644
1559 762
156 1560
156 313
156 570
156 572
1560 318
1560 678
1560 1002
157 1561
157 483
157 860
157 864
1561 903
1561 971
1561 1149
158 1562
158 296
158 300
158 1250
1562 302
1562 1373
1562 1377
159 1563
159 672
159 746
159 750
1563 876
1563 1056
1563 1214
160 1564
160 629
160 1046
160 1049
1564 825
1564 1025
1564 1086
161 1565
161 354
161 545
161 747
1565 508
1565 511
1565 518
162 1566
162 630
162 939
162 942
1566 931
1566 1033
1566 1299
163 1567
163 809
163 849
163 956
1567 1232
1567 1242
1567 1309
164 1568
164 381
164 384
164 399
1568 387
1568 402
1568 972
165 1569
165 546
165 549
165 783
1569 711
1569 1310
1569 1341
166 1570
166 294
166 437
166 1274
1570 297
1570 303
1570 440
167 1571
167 755
167 1296
167 1303
1571 759
1571 1026
1571 1320
168 1572
168 447
168 854
168 1215
1572 429
1572 708
1572 866
169 1573
169 582
169 836
169 1098
1573 839
1573 1212
1573 1229
170 1574
170 471
170 474
170 477
1574 561
1574 564
1574 756
171 1575
171 729
171 731
171 861
1575 392
1575 597
1575 989
172 1576
172 347
172 1244
172 1304
1576 351
1576 1317
1576 1353
173 1577
173 390
173 701
173 789
1577 792
1577 800
1577 803
174 1578
174 600
174 815
174 1104
1578 818
1578 822
1578 1032
175 1579
175 603
175 957
175 978
1579 932
1579 1034
1579 1092
176 1580
176 639
176 654
176 657
1580 1290
1580 1331
1580 1358
177 1581
177 509
177 690
177 873
1581 512
1581 918
1581 924
178 1582
178 243
178 519
178 522
1582 246
1582 393
1582 936
179 1583
179 552
179 642
179 1359
1583 645
1583 881
1583 1143
180 1584
180 921
180 1068
180 1272
1584 438
1584 441
1584 693
181 1585
181 213
181 1023
181 1251
1585 216
1585 951
1585 1329
182 1586
182 543
182 695
182 1047
1586 339
1586 348
1586 1050
183 1587
183 1206
183 1224
183 1388
1587 851
1587 984
1587 1395
184 1588
184 432
184 615
184 1017
1588 456
1588 618
1588 1307
185 1589
185 1116
185 1248
185 1365
1589 867
1589 870
1589 1275
186 1590
186 495
186 1164
186 1200
1590 498
1590 696
1590 702
187 1591
187 915
187 963
187 981
1591 1107
1591 1113
1591 1209
188 1592
188 396
188 405
188 998
1592 1233
1592 1239
1592 1362
189 1593
189 314
189 363
189 1370
1593 321
1593 324
1593 366
190 1594
190 1188
190 1230
190 1332
1594 1335
1594 1374
1594 1383
191 1595
191 816
191 819
191 852
1595 855
1595 882
1595 900
192 1596
192 1305
192 1311
192 1389
1596 810
1596 813
1596 1287
193 1597
193 408
193 414
193 801
1597 420
1597 804
1597 1326
194 1598
194 264
194 309
194 312
1598 315
1598 1308
1598 1380
195 1599
195 507
195 663
195 687
1599 573
1599 669
1599 732
196 1600
196 738
196 1014
196 1074
1600 741
1600 834
1600 966
197 1601
197 222
197 909
197 912
1601 228
1601 231
1601 1035
198 1602
198 999
198 1080
198 1404
1602 1245
1602 1302
1602 1386
199 1603
199 510
199 513
199 990
1603 1167
1603 1323
1603 1371
200 1604
200 933
200 945
200 948
1604 837
1604 840
1604 1122
201 1605
201 1281
1605 1278
202 203
202 204
203 204
205 206
205 207
206 207
208 209
208 210
209 210
211 212
211 213
212 213
214 215
214 216
215 216
217 218
217 219
218 219
220 221
220 222
221 222
223 224
223 225
224 225
226 227
226 228
227 228
229 230
229 231
230 231
232 233
232 234
233 234
235 236
235 237
236 237
238 239
238 240
239 240
241 242
241 243
242 243
244 245
244 246
245 246
247 248
247 249
248 249
250 251
250 252
251 252
253 254
253 255
254 255
256 257
256 258
257 258
259 260
259 261
260 261
262 263
262 264
263 264
265 266
265 267
266 267
268 269
268 270
269 270
271 272
271 273
272 273
274 275
274 276
275 276
277 278
277 279
278 279
280 281
280 282
281 282
283 284
283 285
284 285
286 287
286 288
287 288
289 290
289 291
290 291
292 293
292 294
293 294
295 296
295 297
296 297
298 299
298 300
299 300
301 302
301 303
302 303
304 305
304 306
305 306
307 308
307 309
308 309
310 311
310 312
311 312
313 314
313 315
314 315
316 317
316 318
317 318
319 320
319 321
320 321
322 323
322 324
323 324
325 326
325 327
326 327
328 329
328 330
329 330
331 332
331 333
332 333
334 335
334 336
335 336
337 338
337 339
338 339
340 341
340 342
341 342
343 344
343 345
344 345
346 347
346 348
347 348
349 350
349 351
350 351
352 353
352 354
353 354
355 356
355 357
356 357
358 359
358 360
359 360
361 362
361 363
362 363
364 365
364 366
365 366
367 368
367 369
368 369
370 371
370 372
371 372
373 374
373 375
374 375
376 377
376 378
377 378
379 380
379 381
380 381
382 383
382 384
383 384
385 386
385 387
386 387
388 389
388 390
389 390
391 392
391 393
392 393
394 395
394 396
395 396
397 398
397 399
398 399
400 401
400 402
401 402
403 404
403 405
404 405
406 407
406 408
407 408
409 410
409 411
410 411
412 413
412 414
413 414
415 416
415 417
416 417
418 419
418 420
419 420
421 422
421 423
422 423
424 425
424 426
425 426
427 428
427 429
428 429
430 431
430 432
431 432
433 434
433 435
434 435
436 437
436 438
437 438
439 440
439 441
440 441
442 443
442 444
443 444
445 446
445 447
446 447
448 449
448 450
449 450
451 452
451 453
452 453
454 455
454 456
455 456
457 458
457 459
458 459
460 461
460 462
461 462
463 464
463 465
464 465
466 467
466 468
467 468
469 470
469 471
470 471
472 473
472 474
473 474
475 476
475 477
476 477
478 479
478 480
479 480
481 482
481 483
482 483
484 485
484 486
485 486
487 488
487 489
488 489
490 491
490 492
491 492
493 494
493 495
494 495
496 497
496 498
497 498
499 500
499 501
500 501
502 503
502 504
503 504
505 506
505 507
506 507
508 509
508 510
509 510
511 512
511 513
512 513
514 515
514 516
515 516
517 518
517 519
518 519
520 521
520 522
521 522
523 524
523 525
524 525
526 527
526 528
527 528
529 530
529 531
530 531
532 533
532 534
533 534
535 536
535 537
536 537
538 539
538 540
539 540
541 542
541 543
542 543
544 545
544 546
545 546
547 548
547 549
548 549
550 551
550 552
551 552
553 554
553 555
554 555
556 557
556 558
557 558
559 560
559 561
560 561
562 563
562 564
563 564
565 566
565 567
566 567
568 569
568 570
569 570
571 572
571 573
572 573
574 575
574 576
575 576
577 578
577 579
578 579
580 581
580 582
581 582
583 584
583 585
584 585
586 587
586 588
587 588
589 590
589 591
590 591
592 593
592 594
593 594
595 596
595 597
596 597
598 599
598 600
599 600
601 602
601 603
602 603
604 605
604 606
605 606
607 608
607 609
608 609
610 611
610 612
611 612
613 614
613 615
614 615
616 617
616 618
617 618
619 620
619 621
620 621
622 623
622 624
623 624
625 626
625 627
626 627
628 629
628 630
629 630
631 632
631 633
632 633
634 635
634 636
635 636
637 638
637 639
638 639
640 641
640 642
641 642
643 644
643 645
644 645
646 647
646 648
647 648
649 650
649 651
650 651
652 653
652 654
653 654
655 656
655 657
656 657
658 659
658 660
659 660
661 662
661 663
662 663
664 665
664 666
665 666
667 668
667 669
668 669
670 671
670 672
671 672
673 674
673 675
674 675
676 677
676 678
677 678
679 680
679 681
680 681
682 683
682 684
683 684
685 686
685 687
686 687
688 689
688 690
689 690
691 692
691 693
692 693
694 695
694 696
695 696
697 698
697 699
698 699
700 701
700 702
701 702
703 704
703 705
704 705
706 707
706 708
707 708
709 710
709 711
710 711
712 713
712 714
713 714
715 716
715 717
716 717
718 719
718 720
719 720
721 722
721 723
722 723
724 725
724 726
725 726
727 728
727 729
728 729
730 731
730 732
731 732
733 734
733 735
734 735
736 737
736 738
737 738
739 740
739 741
740 741
742 743
742 744
743 744
745 746
745 747
746 747
748 749
748 750
749 750
751 752
751 753
752 753
754 755
754 756
755 756
757 758
757 759
758 759
760 761
760 762
761 762
763 764
763 765
764 765
766 767
766 768
767 768
769 770
769 771
770 771
772 773
772 774
773 774
775 776
775 777
776 777
778 779
778 780
779 780
781 782
781 783
782 783
784 785
784 786
785 786
787 788
787 789
788 789
790 791
790 792
791 792
793 794
793 795
794 795
796 797
796 798
797 798
799 800
799 801
800 801
802 803
802 804
803 804
805 806
805 807
806 807
808 809
808 810
809 810
811 812
811 813
812 813
814 815
814 816
815 816
817 818
817 819
818 819
820 821
820 822
821 822
823 824
823 825
824 825
826 827
826 828
827 828
829 830
829 831
830 831
832 833
832 834
833 834
835 836
835 837
836 837
838 839
838 840
839 840
841 842
841 843
842 843
844 845
844 846
845 846
847 848
847 849
848 849
850 851
850 852
851 852
853 854
853 855
854 855
856 857
856 858
857 858
859 860
859 861
860 861
862 863
862 864
863 864
865 866
865 867
866 867
868 869
868 870
869 870
871 872
871 873
872 873
874 875
874 876
875 876
877 878
877 879
878 879
880 881
880 882
881 882
883 884
883 885
884 885
886 887
886 888
887 888
889 890
889 891
890 891
892 893
892 894
893 894
895 896
895 897
896 897
898 899
898 900
899 900
901 902
901 903
902 903
904 905
904 906
905 906
907 908
907 909
908 909
910 911
910 912
911 912
913 914
913 915
914 915
916 917
916 918
917 918
919 920
919 921
920 921
922 923
922 924
923 924
925 926
925 927
926 927
928 929
928 930
929 930
931 932
931 933
932 933
934 935
934 936
935 936
937 938
937 939
938 939
940 941
940 942
941 942
943 944
943 945
944 945
946 947
946 948
947 948
949 950
949 951
950 951
952 953
952 954
953 954
955 956
955 957
956 957
958 959
958 960
959 960
961 962
961 963
962 963
964 965
964 966
965 966
967 968
967 969
968 969
970 971
970 972
971 972
973 974
973 975
974 975
976 977
976 978
977 978
979 980
979 981
980 981
982 983
982 984
983 984
985 986
985 987
986 987
988 989
988 990
989 990
991 992
991 993
992 993
994 995
994 996
995 996
997 998
997 999
998 999
1000 1001
1000 1002
1001 1002
1003 1004
1003 1005
1004 1005
1006 1007
1006 1008
1007 1008
1009 1010
1009 1011
1010 1011
1012 1013
1012 1014
1013 1014
1015 1016
1015 1017
1016 1017
1018 1019
1018 1020
1019 1020
1021 1022
1021 1023
1022 1023
1024 1025
1024 1026
1025 1026
1027 1028
1027 1029
1028 1029
1030 1031
1030 1032
1031 1032
1033 1034
1033 1035
1034 1035
1036 1037
1036 1038
1037 1038
1039 1040
1039 1041
1040 1041
1042 1043
1042 1044
1043 1044
1045 1046
1045 1047
1046 1047
1048 1049
1048 1050
1049 1050
1051 1052
1051 1053
1052 1053
1054 1055
1054 1056
1055 1056
1057 1058
1057 1059
1058 1059
1060 1061
1060 1062
1061 1062
1063 1064
1063 1065
1064 1065
1066 1067
1066 1068
1067 1068
1069 1070
1069 1071
1070 1071
1072 1073
1072 1074
1073 1074
1075 1076
1075 1077
1076 1077
1078 1079
1078 1080
1079 1080
1081 1082
1081 1083
1082 1083
1084 1085
1084 1086
1085 1086
1087 1088
1087 1089
1088 1089
1090 1091
1090 1092
1091 1092
1093 1094
1093 1095
1094 1095
1096 1097
1096 1098
1097 1098
1099 1100
1099 1101
1100 1101
1102 1103
1102 1104
1103 1104
1105 1106
1105 1107
1106 1107
1108 1109
1108 1110
1109 1110
1111 1112
1111 1113
1112 1113
1114 1115
1114 1116
1115 1116
1117 1118
1117 1119
1118 1119
1120 1121
1120 1122
1121 1122
1123 1124
1123 1125
1124 1125
1126 1127
1126 1128
1127 1128
1129 1130
1129 1131
1130 1131
1132 1133
1132 1134
1133 1134
1135 1136
1135 1137
1136 1137
1138 1139
1138 1140
1139 1140
1141 1142
1141 1143
1142 1143
1144 1145
1144 1146
1145 1146
1147 1148
1147 1149
1148 1149
1150 1151
1150 1152
1151 1152
1153 1154
1153 1155
1154 1155
1156 1157
1156 1158
1157 1158
1159 1160
1159 1161
1160 1161
1162 1163
1162 1164
1163 1164
1165 1166
1165 1167
1166 1167
1168 1169
1168 1170
1169 1170
1171 1172
1171 1173
1172 1173
1174 1175
1174 1176
1175 1176
1177 1178
1177 1179
1178 1179
1180 1181
1180 1182
1181 1182
1183 1184
1183 1185
1184 1185
1186 1187
1186 1188
1187 1188
1189 1190
1189 1191
1190 1191
1192 1193
1192 1194
1193 1194
1195 1196
1195 1197
1196 1197
1198 1199
1198 1200
1199 1200
1201 1202
1201 1203
1202 1203
1204 1205
1204 1206
1205 1206
1207 1208
1207 1209
1208 1209
1210 1211
1210 1212
1211 1212
1213 1214
1213 1215
1214 1215
1216 1217
1216 1218
1217 1218
1219 1220
1219 1221
1220 1221
1222 1223
1222 1224
1223 1224
1225 1226
1225 1227
1226 1227
1228 1229
1228 1230
1229 1230
1231 1232
1231 1233
1232 1233
1234 1235
1234 1236
1235 1236
1237 1238
1237 1239
1238 1239
1240 1241
1240 1242
1241 1242
1243 1244
1243 1245
1244 1245
1246 1247
1246 1248
1247 1248
1249 1250
1249 1251
1250 1251
1252 1253
1252 1254
1253 1254
1255 1256
1255 1257
1256 1257
1258 1259
1258 1260
1259 1260
1261 1262
1261 1263
1262 1263
1264 1265
1264 1266
1265 1266
1267 1268
1267 1269
1268 1269
1270 1271
1270 1272
1271 1272
1273 1274
1273 1275
1274 1275
1276 1277
1276 1278
1277 1278
1279 1280
1279 1281
1280 1281
1282 1283
1282 1284
1283 1284
1285 1286
1285 1287
1286 1287
1288 1289
1288 1290
1289 1290
1291 1292
1291 1293
1292 1293
1294 1295
1294 1296
1295 1296
1297 1298
1297 1299
1298 1299
1300 1301
1300 1302
1301 1302
1303 1304
1303 1305
1304 1305
1306 1307
1306 1308
1307 1308
1309 1310
1309 1311
1310 1311
1312 1313
1312 1314
1313 1314
1315 1316
1315 1317
1316 1317
1318 1319
1318 1320
1319 1320
1321 1322
1321 1323
1322 1323
1324 1325
1324 1326
1325 1326
1327 1328
1327 1329
1328 1329
1330 1331
1330 1332
1331 1332
1333 1334
1333 1335
1334 1335
1336 1337
1336 1338
1337 1338
1339 1340
1339 1341
1340 1341
1342 1343
1342 1344
1343 1344
1345 1346
1345 1347
1346 1347
1348 1349
1348 1350
1349 1350
1351 1352
1351 1353
1352 1353
1354 1355
1354 1356
1355 1356
1357 1358
1357 1359
1358 1359
1360 1361
1360 1362
1361 1362
1363 1364
1363 1365
1364 1365
1366 1367
1366 1368
1367 1368
1369 1370
1369 1371
1370 1371
1372 1373
1372 1374
1373 1374
1375 1376
1375 1377
1376 1377
1378 1379
1378 1380
1379 1380
1381 1382
1381 1383
1382 1383
1384 1385
1384 1386
1385 1386
1387 1388
1387 1389
1388 1389
1390 1391
1390 1392
1391 1392
1393 1394
1393 1395
1394 1395
1396 1397
1396 1398
1397 1398
1399 1400
1399 1401
1400 1401
1402 1403
1402 1404
1403 1404
